0,243
122,52
122,51
122,50
122,49
122,48
122,47
122,46
122,45
122,44
122,43
122,42
122,41
122,40
122,39
122,38
122,37
122,36
122,35
0,273
0,270
10,192
10,66
10,8
10,26
10,184
10,74
10,220
10,2
10,3
9,7
9,4
9,6
9,2
9,3
103,5
103,4
103,3
8,6
8,9
103,2
8,4
103,1
103,0
102,5
102,4
102,3
102,2
102,1
102,0
98,3
98,2
98,1
98,0
95,3
95,2
95,1
95,0
94,13
94,12
94,11
94,10
94,9
94,8
94,7
94,6
94,5
94,4
94,3
94,2
94,1
94,0
90,3
90,2
90,1
90,0
85,4
85,3
85,2
85,1
85,0
59,3
59,1
31,3
31,1
20,3
20,2
20,1
19,2
19,1
12,3
19,3
12,2
12,1
11,28
11,27
11,26
11,25
11,24
11,23
11,22
11,21
11,20
11,19
11,18
11,17
11,16
11,15
11,13
11,12
11,11
11,10
11,9
11,8
11,7
11,6
11,5
11,4
11,3
11,2
11,1
10,302
10,301
10,300
10,298
10,297
10,295
